SVM_full = [59.4 7.97 0.46 0.06 1.28 0.0 0.01 0.56 3.94 0.02 0.15 0.08 0.13 0.01 0.46 0.01 0.37 1.63 0.01 21.6 0.1 0.05 0.08 0.12 1.25 0.13 ;1.52 70.0 0.38 1.23 2.06 0.0 0.02 0.7 2.49 0.03 0.67 1.59 0.25 0.02 0.93 0.02 0.94 2.34 0.0 10.71 0.99 0.04 0.38 0.27 1.79 0.51 ;0.46 4.98 1.27 8.01 0.69 0.0 0.0 0.15 0.25 0.01 0.24 0.07 0.06 0.0 4.69 0.02 0.08 0.38 0.0 74.1 0.04 0.03 0.63 0.23 3.35 0.13 ;0.05 1.61 0.03 94.01 0.17 0.0 0.01 0.22 0.5 0.01 0.2 0.1 0.12 0.02 0.03 0.02 0.15 0.35 0.0 1.38 0.07 0.03 0.05 0.27 0.31 0.16 ;0.82 19.1 0.04 0.1 45.47 0.0 0.0 0.56 1.71 0.04 11.38 0.1 3.92 0.02 0.22 0.01 1.0 6.79 0.01 0.91 0.97 3.69 0.06 0.27 0.98 1.72 ;0.15 40.55 0.03 0.03 1.1 0.0 0.0 0.13 0.58 0.03 4.91 20.78 0.08 0.0 0.01 0.0 0.87 0.36 0.0 0.03 0.19 0.03 29.39 0.28 0.24 0.09 ;0.02 1.61 0.05 0.08 0.17 0.0 16.07 0.2 0.29 0.05 0.28 76.91 0.15 0.0 0.05 0.05 0.29 0.35 0.0 0.03 0.17 0.0 2.38 0.29 0.17 0.17 ;3.47 31.56 1.53 0.69 2.14 0.0 0.0 36.21 4.28 0.07 0.18 0.09 0.09 0.01 1.93 0.02 0.35 1.79 0.0 7.22 3.9 0.03 0.28 0.42 3.25 0.36 ;0.46 14.92 0.82 0.79 2.86 0.0 0.0 0.7 57.14 0.07 0.19 0.09 0.13 0.01 2.12 0.02 0.2 0.95 0.0 12.5 2.74 0.03 0.24 0.28 2.37 0.24 ;0.19 21.71 1.42 1.02 5.43 0.01 0.0 2.23 8.25 5.95 0.35 0.08 0.09 0.01 3.44 0.02 0.8 0.86 0.0 41.82 1.65 0.06 0.3 0.46 2.89 0.82 ;0.45 14.82 0.19 0.35 3.85 0.0 0.01 1.93 4.72 0.26 54.03 11.62 0.19 0.02 0.04 0.03 1.14 1.02 0.01 0.93 0.92 0.05 0.12 0.66 1.83 0.7 ;0.05 6.41 0.03 0.11 0.24 0.0 0.41 0.18 0.72 0.04 1.06 84.76 0.16 0.03 0.0 0.02 0.14 0.3 0.0 0.04 0.12 0.03 4.19 0.23 0.43 0.19 ;0.06 19.04 0.03 0.1 4.94 0.0 0.0 10.11 1.63 0.01 1.85 0.08 52.21 0.02 0.01 0.02 4.46 0.39 0.01 1.04 0.29 0.16 0.04 1.64 0.31 1.42 ;0.11 3.76 0.05 0.11 0.19 0.0 0.03 0.19 0.56 0.01 0.24 14.48 0.11 63.73 0.0 0.0 0.11 0.38 0.01 0.02 0.07 0.02 14.97 0.23 0.35 0.17 ;0.03 1.63 0.24 0.03 2.18 0.0 0.0 0.17 0.26 0.01 0.1 0.05 0.07 0.02 29.93 0.01 0.08 0.17 0.0 62.12 0.05 0.01 0.05 0.11 2.5 0.06 ;2.73 63.71 0.22 0.12 2.77 0.0 0.0 4.45 6.58 0.07 0.18 0.13 3.24 0.04 0.78 1.97 1.64 2.32 0.0 5.21 0.11 0.02 0.02 0.29 3.11 0.17 ;3.32 65.98 0.46 0.35 2.66 0.0 0.0 1.36 2.16 0.03 0.23 0.09 0.14 0.0 0.5 0.03 6.3 4.05 0.0 9.04 0.84 0.03 0.43 0.24 1.35 0.26 ;1.31 10.48 0.54 1.48 2.64 0.0 0.01 0.62 3.89 0.02 1.12 0.1 0.3 0.02 0.63 0.02 0.97 63.83 0.01 9.46 0.3 0.03 0.03 0.22 1.4 0.46 ;0.0 11.71 0.49 3.59 0.17 0.02 0.0 0.13 7.73 0.04 3.65 0.08 1.82 0.02 0.44 0.0 0.53 8.55 0.01 51.46 2.32 0.0 0.06 0.06 6.84 0.17 ;0.66 1.38 0.61 0.28 0.05 0.0 0.0 0.12 1.93 0.02 0.68 0.42 0.06 0.01 1.3 0.0 0.04 1.44 0.0 86.06 0.2 0.03 0.46 0.11 3.94 0.09 ;0.53 31.93 2.7 0.56 2.56 0.0 0.0 1.32 8.07 0.03 0.35 0.09 0.8 0.02 0.8 0.03 0.69 1.43 0.0 22.21 16.81 0.02 0.04 2.42 6.22 0.24 ;0.53 19.88 0.04 0.14 49.57 0.0 0.02 1.04 0.89 0.01 2.59 0.06 1.3 0.01 0.0 0.0 0.59 9.89 0.0 1.71 0.55 9.08 0.05 0.45 1.35 0.15 ;0.07 12.24 0.29 0.08 0.15 0.0 0.01 0.2 2.14 0.03 14.03 25.65 0.16 0.03 0.09 0.02 0.12 0.33 0.0 6.41 0.17 0.04 35.6 0.87 0.97 0.18 ;0.12 6.9 0.49 0.66 1.1 0.0 0.0 4.83 1.54 0.02 1.31 0.07 1.32 0.01 0.31 0.02 0.15 0.41 0.0 2.24 2.85 0.08 0.06 69.51 5.62 0.22 ;0.22 2.33 0.62 0.56 0.53 0.0 0.01 0.18 1.51 0.02 3.28 0.09 0.09 0.01 4.26 0.02 0.12 1.01 0.0 22.1 0.25 0.03 0.12 0.33 62.06 0.14 ;0.34 33.83 0.29 0.68 1.74 0.0 0.0 1.5 1.78 0.09 6.82 0.1 3.26 0.01 0.28 0.03 0.39 1.88 0.0 2.96 0.19 0.03 0.06 0.39 0.44 42.75 ];
imagesc(SVM_full);
colormap(flipud(gray));
