SVM_imp_rand = [4.86 53.13 0.98 2.13 1.8 0.16 0.0 2.31 7.52 0.32 2.79 1.14 1.47 0.65 0.33 0.49 1.66 4.99 0.0 1.49 1.45 1.31 0.49 2.46 3.65 2.29 ;1.12 56.63 0.92 1.46 2.2 0.2 0.28 3.01 7.42 0.55 2.57 1.54 1.44 0.58 0.22 0.52 2.01 4.32 0.07 0.77 1.36 0.75 0.86 3.15 3.82 2.09 ;1.84 55.38 1.46 1.77 2.61 0.62 0.0 2.32 8.84 0.83 3.02 1.22 0.92 0.46 0.13 0.61 2.01 3.08 0.3 0.43 1.49 0.92 0.96 2.78 4.03 1.84 ;1.48 53.34 0.96 6.12 2.45 0.07 0.07 3.19 8.04 0.52 2.45 1.71 1.04 0.81 0.52 0.52 1.71 3.12 0.0 0.82 1.21 0.74 0.44 2.82 3.06 2.67 ;0.89 53.98 0.8 1.37 4.77 0.26 0.17 3.36 7.31 0.5 2.34 1.28 1.82 0.35 0.09 0.44 2.05 3.75 0.17 0.49 1.16 1.88 0.93 3.85 3.3 2.59 ;0.79 47.14 0.0 1.58 3.17 0.07 0.0 5.63 9.6 0.0 3.69 1.54 4.92 1.9 0.31 0.91 0.79 5.55 0.0 0.0 0.79 1.58 1.26 1.11 7.38 0.19 ;0.0 59.58 1.19 1.19 3.57 1.22 1.75 1.78 3.57 1.19 4.13 3.8 1.78 0.08 0.0 0.0 1.19 3.57 0.0 0.59 1.78 0.59 0.83 1.78 2.97 1.78 ;1.12 53.46 0.69 1.47 2.42 0.11 0.11 5.38 8.51 0.65 2.49 1.42 1.35 0.37 0.2 0.71 1.72 4.48 0.08 1.09 1.49 0.56 0.67 3.25 4.32 1.75 ;0.92 55.93 0.83 1.65 2.23 0.12 0.12 2.95 9.81 0.63 2.8 1.61 1.29 0.36 0.26 0.56 1.91 3.85 0.17 0.74 1.6 0.64 1.04 2.33 3.54 1.98 ;0.65 52.46 1.23 0.7 2.79 0.0 0.16 3.21 9.53 2.07 3.43 1.8 1.16 0.32 0.07 0.49 1.7 3.94 0.0 2.31 1.33 0.98 1.47 2.14 3.39 2.53 ;0.82 55.13 0.94 1.59 2.41 0.11 0.16 2.88 8.47 0.77 3.8 1.6 1.42 0.6 0.32 0.74 1.79 2.61 0.16 0.94 1.59 1.11 0.95 3.3 3.74 1.92 ;0.89 50.71 0.76 1.62 2.38 0.12 0.14 2.44 9.14 0.52 2.68 4.9 1.39 0.62 0.25 0.46 1.45 3.79 0.05 0.75 1.51 0.81 2.04 3.34 4.82 2.28 ;1.04 54.9 1.08 1.16 3.12 0.16 0.32 3.31 7.46 0.99 2.91 2.12 2.81 0.59 0.0 0.61 1.92 3.74 0.05 0.66 0.81 0.47 0.83 3.26 3.6 1.95 ;0.86 54.33 0.87 1.73 2.46 0.01 0.31 3.47 7.14 0.43 2.39 2.05 1.55 3.44 0.21 0.43 0.64 6.27 0.0 0.21 1.08 0.66 1.3 2.61 3.47 1.95 ;1.29 53.61 1.9 1.73 2.16 0.43 0.86 5.19 7.12 0.47 3.46 0.86 0.43 0.0 1.49 0.0 1.29 2.59 0.0 0.51 2.38 1.29 1.73 3.48 2.16 3.46 ;0.61 57.57 0.58 1.33 1.59 0.0 0.0 2.15 8.75 1.15 1.53 0.98 0.79 0.19 0.38 1.57 2.13 4.2 0.19 0.38 0.9 0.95 1.15 4.59 4.92 1.35 ;1.13 56.55 0.85 1.26 2.58 0.2 0.2 3.32 7.19 0.67 2.04 1.07 1.2 0.56 0.31 0.69 2.62 3.97 0.1 0.75 1.09 0.71 1.12 3.18 4.02 2.49 ;1.0 53.68 1.02 1.55 2.58 0.16 0.32 3.15 6.93 0.85 2.89 1.06 1.31 0.35 0.21 0.58 1.81 8.21 0.03 0.78 1.48 0.74 0.79 2.65 3.73 2.03 ;1.36 56.7 1.42 3.09 4.82 0.0 0.0 3.5 7.55 0.03 0.91 0.0 2.1 0.0 0.0 0.68 0.78 4.11 1.49 1.36 0.47 0.68 0.68 4.11 1.36 2.72 ;1.21 52.4 0.82 1.66 2.66 0.22 0.22 3.34 9.04 0.98 3.5 0.91 1.32 0.67 0.22 0.44 1.96 3.43 0.34 1.58 1.45 0.88 0.63 2.88 4.89 2.23 ;1.18 54.7 1.24 1.98 2.29 0.17 0.35 2.63 8.25 0.75 2.51 1.52 1.59 0.64 0.13 0.65 1.64 4.11 0.05 0.84 1.82 0.64 0.7 3.88 3.36 2.23 ;0.48 51.94 0.95 1.54 5.95 0.23 0.23 2.97 6.93 0.83 3.58 1.3 2.0 0.35 0.23 0.48 1.12 4.63 0.35 1.19 0.84 1.74 0.59 3.75 3.58 2.07 ;0.73 55.1 0.73 2.1 2.5 0.01 0.48 2.49 8.05 0.77 2.84 3.44 1.26 0.56 0.2 0.73 1.92 3.04 0.1 0.76 0.97 0.82 2.35 2.99 3.39 1.56 ;0.93 52.6 0.99 1.71 2.37 0.15 0.18 3.43 8.1 0.51 2.86 1.46 1.99 0.44 0.2 0.82 1.78 4.04 0.08 0.87 1.28 0.61 0.53 4.8 5.12 1.98 ;0.68 53.54 0.89 1.55 2.4 0.16 0.27 2.8 7.6 0.76 2.81 1.61 1.55 0.54 0.23 0.51 1.83 3.91 0.11 0.73 1.13 0.79 0.49 3.64 7.35 2.0 ;0.86 54.89 0.79 1.48 1.97 0.15 0.27 3.17 7.57 0.48 2.71 1.58 1.75 0.54 0.27 0.44 2.05 4.17 0.19 0.69 1.14 0.99 0.63 2.83 3.59 4.67 ];
imagesc(SVM_imp_rand);
colormap(flipud(gray));
