RF_imp = [63.2 12.77 1.03 0.08 0.41 0.0 0.0 1.35 3.62 0.0 0.18 0.08 0.07 0.01 0.99 0.16 2.26 3.99 0.16 2.12 4.15 0.03 0.67 0.49 1.93 0.15 ;0.38 67.53 1.6 0.64 1.27 0.04 0.01 3.0 4.03 0.43 0.72 1.22 0.55 0.06 0.34 1.04 4.96 1.56 0.05 2.45 2.61 0.32 0.48 0.78 1.72 2.06 ;0.98 21.09 8.99 13.53 3.15 0.0 0.0 4.91 10.23 3.44 1.13 0.11 0.15 0.03 3.88 0.3 0.75 0.99 0.44 6.51 9.14 0.03 0.62 2.1 7.22 0.15 ;0.04 2.13 0.14 94.32 0.21 0.0 0.0 0.2 0.51 0.38 0.18 0.06 0.07 0.01 0.03 0.0 0.14 0.31 0.0 0.14 0.25 0.0 0.02 0.12 0.51 0.08 ;0.53 16.27 0.6 0.07 38.06 0.0 0.0 1.21 2.06 0.42 2.01 1.26 1.56 0.1 0.41 0.66 2.47 6.54 0.0 0.78 0.65 10.56 0.55 6.51 3.16 3.44 ;0.07 22.98 0.07 0.0 0.35 0.0 0.0 4.9 11.52 0.0 3.29 18.29 1.7 1.58 7.12 3.99 0.87 1.94 1.58 0.03 0.07 0.0 7.99 4.9 1.02 5.62 ;0.02 6.53 0.11 0.0 0.14 0.0 7.16 0.14 0.38 0.0 8.49 68.59 0.62 1.78 0.0 0.0 0.17 0.26 0.0 0.14 0.03 0.11 4.22 0.77 0.17 0.05 ;2.11 29.8 2.78 0.34 1.17 0.0 0.0 29.4 9.45 0.5 0.57 0.08 0.42 0.01 1.66 0.22 3.22 1.84 0.44 3.35 4.19 0.23 0.28 1.33 2.96 3.51 ;0.97 14.75 2.17 0.67 0.53 0.0 0.0 3.33 57.61 1.26 0.58 0.11 0.13 0.02 1.01 0.22 0.86 1.71 0.08 4.36 4.07 0.25 0.79 0.88 2.93 0.58 ;0.24 14.02 5.93 2.36 1.06 0.0 0.0 2.65 8.93 18.66 1.33 0.1 0.74 0.01 2.32 0.34 2.88 1.08 0.0 23.11 4.49 0.01 0.21 0.43 6.46 2.53 ;1.34 21.42 1.1 0.37 3.19 0.11 0.43 4.03 8.91 1.52 17.01 9.39 2.87 0.06 0.86 1.09 3.97 3.63 0.12 3.75 1.83 0.79 0.83 3.68 4.04 3.53 ;0.76 8.65 0.26 0.07 1.11 0.23 0.87 0.57 1.44 0.08 5.05 65.02 0.32 1.52 0.41 0.0 0.48 1.13 0.0 0.15 0.49 0.02 8.36 1.49 0.63 0.76 ;1.08 40.99 1.4 0.14 3.79 0.0 0.0 6.17 3.78 0.45 3.91 0.23 7.06 0.06 0.32 1.67 9.67 6.38 0.11 1.3 1.54 0.99 0.09 3.75 1.53 3.48 ;0.9 14.29 0.52 0.05 1.93 0.43 0.02 1.04 1.52 0.65 8.38 43.13 0.95 6.9 0.24 0.21 1.0 0.6 0.0 0.51 0.46 0.02 11.69 3.67 0.29 0.48 ;0.99 19.52 4.68 0.1 3.12 0.0 0.0 8.01 9.0 1.69 2.78 0.2 0.45 0.04 27.02 0.06 0.2 0.7 0.0 4.15 3.11 0.02 0.0 0.74 13.18 0.12 ;0.21 45.39 1.27 0.07 2.1 0.0 0.0 2.12 5.01 1.52 1.69 0.11 1.43 0.03 0.76 16.73 10.76 2.65 0.0 0.85 2.34 0.78 0.0 0.49 3.31 0.25 ;0.22 55.8 1.67 0.39 1.15 0.05 0.0 2.32 2.67 0.63 1.34 0.08 0.75 0.03 0.58 1.88 16.79 4.36 0.0 2.2 2.28 0.42 0.06 0.44 2.26 1.52 ;0.81 11.69 0.63 0.29 1.32 0.0 0.0 0.95 3.23 0.19 0.49 0.12 0.31 0.01 0.13 0.22 1.45 72.01 0.19 1.27 1.6 0.13 0.16 0.51 1.67 0.49 ;0.72 22.93 5.47 4.07 0.95 0.0 0.0 15.37 11.41 0.09 2.38 0.16 2.18 0.0 1.35 0.65 3.33 2.53 6.59 2.99 11.98 0.0 0.0 1.48 3.09 0.16 ;0.32 22.36 4.42 0.39 0.46 0.0 0.0 2.88 10.69 3.79 0.86 0.15 0.28 0.03 2.62 0.02 1.99 3.43 0.31 23.46 4.9 0.03 1.0 1.15 12.64 1.71 ;2.8 34.59 4.92 0.88 0.95 0.0 0.0 5.73 10.2 1.4 0.85 0.14 0.6 0.02 1.17 0.12 3.35 4.71 0.34 7.2 9.37 0.12 0.42 2.21 6.58 1.18 ;1.02 13.19 0.56 0.08 44.86 0.0 0.11 0.83 0.95 0.12 1.37 0.72 0.79 0.02 0.13 0.11 0.92 8.42 0.0 0.22 0.64 18.67 0.02 2.09 2.99 1.03 ;0.7 13.54 0.37 0.1 1.28 0.82 0.92 2.52 7.75 0.19 7.07 37.19 0.78 3.13 0.57 0.1 0.65 0.98 0.0 1.91 1.77 0.02 12.82 3.92 0.37 0.42 ;1.79 13.56 1.0 0.78 3.36 0.0 0.07 4.23 5.94 0.79 4.06 1.15 2.36 0.19 0.6 0.31 1.04 2.35 0.0 1.17 1.83 0.76 1.01 26.53 23.39 1.59 ;0.41 7.92 1.13 0.42 0.75 0.0 0.0 0.75 3.32 0.32 0.92 0.24 0.31 0.05 0.48 0.11 0.41 1.39 0.05 0.9 2.37 0.04 0.15 2.27 74.6 0.56 ;0.16 26.32 0.19 0.1 3.69 0.0 0.15 5.36 3.42 0.4 2.11 2.03 0.8 0.21 0.01 0.79 1.79 1.43 0.08 1.54 0.45 0.63 0.45 1.94 0.65 45.17 ];
imagesc(RF_imp);
colormap(flipud(gray));
